y_true,y_pred_baseline,y_prob_baseline,y_pred_weighted,y_prob_weighted
0,0,0.033351094,0,0.21205853
0,1,0.7227787,1,0.749182
0,0,0.04832125,0,0.22322786
0,0,0.3212413,0,0.46436292
0,0,0.018448595,0,0.119328804
0,1,0.6477331,1,0.75075144
0,0,0.42183396,1,0.61997294
0,0,0.0668515,0,0.18503764
0,0,0.005945822,0,0.1226808
1,1,0.51413774,1,0.7333505
0,0,0.14199606,1,0.57513404
0,0,0.0627566,0,0.102287866
0,0,0.25181416,1,0.523345
1,1,0.6548351,1,0.8064326
0,0,0.18912604,1,0.60358125
0,0,0.10209459,0,0.38896784
0,0,0.018614111,0,0.19325164
0,1,0.6905091,1,0.7087918
0,0,0.1719853,0,0.4555045
0,0,0.050760705,0,0.16071004
1,1,0.8073726,1,0.8307269
0,0,0.27824315,0,0.46148232
0,0,0.016422946,0,0.1487932
0,0,0.016851105,0,0.15054569
0,0,0.16955324,0,0.41488
0,0,0.30168188,1,0.51919484
1,1,0.53514266,1,0.82072717
1,1,0.7528784,1,0.69781864
0,0,0.02570338,0,0.27419245
1,1,0.78742385,1,0.9287646
0,0,0.3357512,1,0.513898
0,0,0.49746668,1,0.5926504
0,0,0.007306194,0,0.1863896
0,0,0.014580933,0,0.12143712
1,1,0.79364157,1,0.9299268
0,0,0.2839021,0,0.36437935
1,0,0.39623645,1,0.6999357
0,0,0.0057836734,0,0.12045574
1,1,0.77144754,1,0.8952123
1,0,0.12758641,0,0.41621184
0,0,0.0055890237,0,0.09910722
0,1,0.85711175,1,0.7068944
0,0,0.27943736,1,0.63996273
0,0,0.24844916,0,0.20419881
0,0,0.12710164,0,0.33413553
1,0,0.47513902,1,0.72364074
0,1,0.71392107,1,0.8764943
0,0,0.26352337,0,0.4905077
0,0,0.009029793,0,0.16355205
1,0,0.25925043,1,0.60469985
0,0,0.0118075,0,0.08786067
1,1,0.8606912,1,0.71349156
0,0,0.24048105,0,0.29455534
0,0,0.3233165,1,0.60574806
0,0,0.1791252,1,0.5153595
1,1,0.6398541,1,0.76761913
0,0,0.061200544,0,0.15127304
0,0,0.027359718,0,0.3150017
0,0,0.04535686,0,0.22911379
0,0,0.006147973,0,0.09469922
0,0,0.0048778313,0,0.10556657
1,0,0.023913959,0,0.2305627
0,0,0.19645691,1,0.5363307
0,0,0.15346049,0,0.28629118
1,0,0.28711516,0,0.4736471
1,0,0.48202005,1,0.59909236
1,0,0.2550291,1,0.56089365
1,0,0.32736453,1,0.5104091
1,0,0.1275668,0,0.41160414
1,1,0.6906589,1,0.55344605
0,0,0.007957747,0,0.12168788
0,0,0.016103923,0,0.17430675
1,1,0.672498,1,0.79780006
0,0,0.17853285,1,0.5056134
0,0,0.033052936,0,0.17172171
0,0,0.027465308,0,0.1308094
0,0,0.036167443,0,0.23296174
1,0,0.46170324,0,0.48344243
0,0,0.3014454,0,0.30763876
0,0,0.0055830297,0,0.1054359
0,0,0.02922156,0,0.1239494
0,0,0.007950057,0,0.1605286
1,0,0.1747077,0,0.48279828
1,1,0.81469035,1,0.8876545
0,0,0.0243922,0,0.17166938
0,0,0.31184933,0,0.46460178
0,1,0.6849539,1,0.7253466
1,0,0.45060906,1,0.6832936
1,0,0.39590013,1,0.7196821
0,0,0.050355863,0,0.2993657
1,1,0.5844051,1,0.7818066
0,0,0.25175947,0,0.34649077
0,0,0.014753441,0,0.16344407
1,1,0.6320666,1,0.6464461
1,0,0.33878514,1,0.6235485
0,0,0.006960176,0,0.19509219
0,0,0.41442198,0,0.48288736
0,0,0.0054180045,0,0.11278178
1,1,0.7167622,1,0.91624016
0,0,0.24322146,0,0.30381256
1,1,0.79887754,1,0.9180654
1,1,0.66851956,1,0.7645876
0,0,0.44925255,0,0.42988187
1,0,0.49745733,1,0.647838
1,0,0.23001832,0,0.41501957
0,0,0.0054782405,0,0.12130397
0,0,0.07055679,0,0.21202184
0,0,0.031300474,0,0.2125198
0,0,0.044548802,0,0.34888813
0,0,0.060501672,0,0.20976733
0,0,0.015986765,0,0.18948798
0,1,0.75492555,1,0.83787733
0,0,0.14326896,0,0.3460429
0,1,0.51036763,0,0.48737624
1,1,0.63352185,1,0.84640425
0,0,0.03918519,0,0.08543029
1,1,0.59008205,1,0.630962
0,0,0.41267443,1,0.6476855
0,0,0.028621208,0,0.26153854
0,0,0.007684364,0,0.09988223
0,0,0.038515415,0,0.1559484
1,1,0.58380055,1,0.87142503
0,0,0.014897139,0,0.12188768
0,0,0.057681628,0,0.28479257
1,1,0.73692685,1,0.87269706
0,0,0.013220631,0,0.21746473
1,0,0.46048155,1,0.542167
0,0,0.097542405,0,0.48216298
1,1,0.60450834,1,0.84201944
0,0,0.08079492,0,0.18228428
1,0,0.25976554,0,0.29936844
1,0,0.38418394,1,0.56329453
0,0,0.11434914,0,0.37012196
0,0,0.24408959,1,0.583207
0,0,0.030879585,0,0.30616248
0,0,0.159706,1,0.63830936
0,0,0.032006286,0,0.14963612
0,0,0.11113764,0,0.42005718
0,0,0.010300797,0,0.15354331
1,0,0.3719088,0,0.48732048
0,0,0.044438563,0,0.2540007
0,0,0.051816262,0,0.27998894
0,1,0.51922476,1,0.8525587
0,0,0.028038718,0,0.23076546
0,0,0.017261954,0,0.15274207
0,0,0.041642565,0,0.37636873
0,0,0.052784126,0,0.24246973
1,0,0.25437394,0,0.37800905
0,0,0.46918708,1,0.7171469
0,1,0.5446328,1,0.5580646
0,0,0.00696644,0,0.14145792
0,0,0.4551728,0,0.45769677
0,0,0.14864089,0,0.29378
0,0,0.32240677,1,0.523543
1,1,0.83668554,1,0.85549843
0,1,0.5025127,1,0.7981963
0,1,0.57738435,1,0.82166016
1,0,0.25066647,1,0.77197504
1,0,0.45550126,1,0.6809097
1,0,0.45177603,1,0.577451
0,0,0.04142988,0,0.30493122
0,0,0.08300206,1,0.53128916
0,0,0.0046436703,0,0.12013908
0,0,0.0058907536,0,0.110520124
0,0,0.08351228,1,0.5411196
1,0,0.2505081,0,0.2969119
0,0,0.02650736,0,0.18730174
1,0,0.09859104,0,0.47973937
0,0,0.1307603,0,0.24282582
0,0,0.01177625,0,0.19153559
0,0,0.44798154,1,0.5671774
1,1,0.78278303,1,0.77018213
0,0,0.123981655,0,0.403289
1,0,0.23438118,0,0.2496635
0,0,0.41698056,1,0.5801179
0,1,0.5509273,1,0.65939283
0,0,0.009387152,0,0.150438
0,0,0.011895149,0,0.09206763
0,0,0.28870687,1,0.59299135
0,0,0.09981303,0,0.4566755
1,1,0.59110785,1,0.6364471
0,0,0.08885689,1,0.5358944
1,1,0.77434415,1,0.76673496
1,0,0.22091256,0,0.41603035
0,0,0.005551747,0,0.11937295
0,0,0.21281366,0,0.4906091
0,0,0.051859494,0,0.12617052
1,0,0.44080207,1,0.623667
0,0,0.16989926,0,0.26588088
0,0,0.025991412,0,0.23014016
0,0,0.1046651,0,0.48481554
0,0,0.36542082,1,0.5417821
1,1,0.6435263,1,0.89694023
0,0,0.016967382,0,0.09821601
0,1,0.6130362,1,0.7077527
0,0,0.34381044,1,0.69581914
0,0,0.32003146,1,0.6796614
0,0,0.32040957,1,0.67588073
0,0,0.3724768,1,0.6344693
0,0,0.37230656,1,0.7793112
0,0,0.24939048,0,0.46479705
0,0,0.011949343,0,0.1231125
0,0,0.02270639,0,0.16842684
0,0,0.10052933,0,0.26053402
0,0,0.24807557,0,0.29717308
0,0,0.15129897,0,0.3679229
0,0,0.053901076,0,0.30688953
0,0,0.15580341,0,0.2050496
0,0,0.21217513,0,0.24217153
0,0,0.0064500454,0,0.11158246
1,0,0.12589827,0,0.42717555
0,0,0.32792127,1,0.8136207
1,0,0.2430487,1,0.68112296
0,0,0.019221086,0,0.15268847
0,0,0.022704065,0,0.1941698
0,1,0.5563634,1,0.6088071
0,0,0.0063882023,0,0.17500436
0,0,0.4039234,1,0.78185403
1,1,0.5588318,1,0.6522761
1,0,0.09240106,0,0.28698158
0,0,0.107229285,0,0.35847956
0,0,0.21463498,1,0.54912806
0,1,0.5939868,1,0.6445844
0,0,0.09049851,0,0.18547992
0,1,0.72859347,1,0.8219274
0,0,0.18477497,0,0.47554696
0,0,0.005187629,0,0.10179555
0,0,0.13472454,0,0.20251247
1,1,0.74459124,1,0.78047025
0,1,0.76282954,1,0.8791538
0,0,0.044828795,0,0.46608523
1,1,0.63388777,1,0.75392854
0,0,0.3943434,1,0.79411197
0,0,0.017562058,0,0.18482184
1,1,0.7932572,1,0.659179
1,1,0.79004407,1,0.7803007
1,0,0.25936943,0,0.48827323
0,0,0.36971268,1,0.6846305
0,0,0.16215236,0,0.48861262
0,1,0.5615717,1,0.748502
1,1,0.731226,1,0.92130953
1,1,0.5119095,1,0.7022972
0,0,0.09249208,0,0.24278805
0,0,0.09987273,0,0.26867023
1,0,0.349092,0,0.46847257
1,1,0.5644374,1,0.5641353
1,1,0.6784814,1,0.68801403
0,0,0.024742851,0,0.12296893
0,0,0.01905486,0,0.10557456
0,0,0.4051576,1,0.5397812
0,0,0.01663694,0,0.16636999
0,0,0.18493833,0,0.2762719
0,0,0.110005245,0,0.33834484
0,0,0.017259495,0,0.24591604
1,0,0.30297434,1,0.6107091
0,0,0.024972469,0,0.18221807
0,0,0.03625746,0,0.17109682
0,0,0.2955115,1,0.52402985
0,0,0.252589,1,0.5289145
0,0,0.47369474,1,0.5314195
0,1,0.52839243,1,0.795896
0,0,0.06971229,0,0.34250936
0,0,0.008372362,0,0.09668424
0,0,0.1303357,0,0.37864363
1,0,0.44467703,1,0.8284309
1,0,0.13790391,0,0.34040904
1,1,0.60334146,1,0.62632644
0,0,0.021516588,0,0.22697733
0,0,0.41098872,1,0.5816713
0,1,0.51184237,1,0.7060982
0,1,0.58260185,0,0.49032357
0,0,0.0093610175,0,0.14777721
0,0,0.25825724,1,0.5641731
0,0,0.14814207,0,0.4068927
0,0,0.05768699,0,0.29663897
0,1,0.67989266,1,0.8170664
1,1,0.6011392,1,0.82202965
0,1,0.5769218,1,0.7562976
1,1,0.8146846,1,0.8876471
0,0,0.07647985,0,0.17854992
0,1,0.6798098,1,0.7743842
0,0,0.16893151,0,0.27029246
0,1,0.51600075,1,0.5759422
0,0,0.03374651,0,0.2400039
0,1,0.5390334,1,0.72149456
1,1,0.7921352,1,0.88233215
1,0,0.13360289,1,0.527246
0,0,0.09267707,0,0.34291846
1,1,0.50838876,1,0.7981868
0,0,0.013456185,0,0.23084635
0,0,0.2590051,0,0.2993638
0,0,0.23164658,1,0.5118028
0,0,0.04015064,0,0.17106096
0,0,0.12720889,0,0.3420222
0,0,0.026419168,0,0.2055928
0,0,0.21626686,1,0.71782005
0,0,0.29861644,1,0.5363436
1,0,0.13414438,0,0.2383275
0,0,0.017501296,0,0.27606088
0,0,0.055529494,0,0.1944495
0,0,0.007723981,0,0.10391108
1,0,0.2804841,0,0.49757427
0,1,0.58674777,1,0.86675453
0,0,0.06407025,0,0.32383922
1,1,0.7658306,1,0.82663774
0,0,0.12709571,1,0.5360575
0,0,0.0529087,0,0.22440813
0,0,0.111451976,0,0.15850371
0,0,0.30701372,0,0.21094434
0,0,0.21556255,0,0.2721006
0,1,0.5973256,1,0.8319366
0,1,0.57258767,1,0.8002002
0,0,0.05184223,0,0.31025547
0,0,0.048168708,0,0.20235567
0,0,0.14065465,0,0.3635111
0,0,0.025776897,0,0.12418667
0,0,0.16305467,0,0.43605718
0,0,0.07427292,0,0.2913899
1,0,0.2749852,0,0.32382032
1,1,0.6379162,1,0.75676864
0,0,0.43406457,1,0.724117
0,1,0.63955724,1,0.8257146
1,0,0.32427102,0,0.47274193
0,0,0.16832344,0,0.2705651
0,0,0.20869061,0,0.453072
0,0,0.017647536,0,0.20038314
1,0,0.057212178,0,0.23760384
0,1,0.68723166,1,0.67524266
0,0,0.08144715,0,0.4910231
0,0,0.008695347,0,0.1273753
0,0,0.23534371,0,0.24973089
1,0,0.1428099,0,0.42512363
0,0,0.030892195,0,0.1625662
0,0,0.03808207,0,0.2449914
0,0,0.011310337,0,0.24839613
0,0,0.010152442,0,0.12040385
1,1,0.5007534,1,0.7462684
0,0,0.0650118,0,0.27435473
0,0,0.0071441857,0,0.11425538
0,0,0.015131468,0,0.15896031
0,0,0.009102301,0,0.14100547
1,1,0.7547299,1,0.79709935
0,0,0.17286919,0,0.40908155
1,0,0.33964014,1,0.6809943
1,1,0.7102655,1,0.91696143
1,0,0.084541924,0,0.1792176
0,0,0.007552107,0,0.14721872
1,1,0.57190275,1,0.84301764
0,0,0.14622416,0,0.46808127
1,1,0.7185726,1,0.77280253
0,0,0.19809043,0,0.3095437
1,0,0.0940538,0,0.21944778
0,0,0.09745815,0,0.41954464
0,0,0.20825407,0,0.43393257
0,0,0.006251406,0,0.104994655
0,0,0.25639898,0,0.34075072
0,0,0.061812468,0,0.28875765
0,1,0.64841485,1,0.7765596
0,0,0.045631234,0,0.18102737
1,1,0.75312614,1,0.8828349
1,1,0.6942711,1,0.82879925
0,0,0.017061062,0,0.10846334
0,0,0.114061035,0,0.3456757
0,0,0.19999759,0,0.3827829
0,0,0.1532658,0,0.28322044
1,0,0.18374066,0,0.32218447
0,0,0.24637231,0,0.4785206
0,0,0.07077623,0,0.26953334
0,0,0.014374517,0,0.18137865
0,1,0.57764894,1,0.7148241
1,0,0.44108084,1,0.57010597
0,1,0.6319538,1,0.78952235
0,0,0.31450492,1,0.5415616
0,0,0.26505518,1,0.7354387
1,0,0.33246788,1,0.6292716
0,0,0.13136727,0,0.24149519
0,0,0.07086864,0,0.40414658
0,0,0.3840292,1,0.81389236
1,0,0.07720535,0,0.20284826
0,0,0.033034235,0,0.19375551
0,0,0.076661475,0,0.116094425
0,0,0.20760778,0,0.26125944
0,0,0.01410383,0,0.12891595
0,1,0.6046907,1,0.70413476
1,0,0.2604369,1,0.72344136
0,0,0.24819173,1,0.5062287
1,0,0.1413564,0,0.35603103
1,1,0.6516019,1,0.82963246
0,0,0.014910818,0,0.12645333
1,1,0.5234493,1,0.59061676
0,0,0.016210124,0,0.17863601
0,0,0.071846224,0,0.40468776
0,0,0.33114433,1,0.6835097
0,0,0.033665143,0,0.064899415
0,0,0.2950426,0,0.4586142
0,0,0.08838126,0,0.19253342
0,0,0.00965205,0,0.27073005
0,0,0.03961984,0,0.23897254
0,0,0.00991838,0,0.13530505
1,1,0.50381917,1,0.6614664
0,0,0.0566695,0,0.1743068
0,0,0.2963763,0,0.35240912
0,0,0.13380939,1,0.56000006
0,0,0.17824931,0,0.42010447
0,0,0.008199857,0,0.10410745
0,0,0.25842765,1,0.5063597
1,0,0.030539433,0,0.1580143
0,1,0.5736506,1,0.59751
1,1,0.7667333,1,0.8622739
0,0,0.03359102,0,0.09104133
1,0,0.21785064,0,0.27521232
1,1,0.53963095,1,0.8201268
1,1,0.5968572,1,0.65071166
1,0,0.45520192,1,0.7971232
0,0,0.11351268,0,0.4880121
0,0,0.16401038,0,0.29775992
0,0,0.23497674,0,0.24970524
1,1,0.7164874,1,0.8561031
1,0,0.029090395,0,0.15651087
1,1,0.5678376,1,0.6936499
0,0,0.09115075,0,0.1742284
0,0,0.11520883,1,0.6237197
0,0,0.4933804,1,0.71610737
1,0,0.3237999,1,0.6342236
0,0,0.010059775,0,0.11868239
0,0,0.23566519,0,0.24975336
0,1,0.5983105,1,0.66178983
0,1,0.70297885,1,0.7680868
0,0,0.0063010496,0,0.0996904
0,0,0.005333177,0,0.13681133
0,0,0.018492663,0,0.15149547
0,0,0.16551505,0,0.32914436
0,0,0.07392589,0,0.2449362
0,0,0.23007415,0,0.39828306
0,0,0.06380228,0,0.2937218
1,1,0.6038818,1,0.7956288
0,0,0.037895855,0,0.07075982
0,0,0.042097494,0,0.24376531
0,0,0.0980674,0,0.34613296
0,0,0.31626332,1,0.51638985
0,0,0.098959126,0,0.37774906
1,1,0.5058091,1,0.5926727
0,0,0.057731487,0,0.21902184
0,0,0.13826936,0,0.36942077
1,0,0.2912954,0,0.30645797
0,0,0.18229942,0,0.44911936
0,0,0.011942455,0,0.20709093
0,0,0.024118416,0,0.13073577
0,1,0.5327501,1,0.80636257
0,1,0.58039594,1,0.7973647
0,0,0.44657958,1,0.6877928
0,0,0.09944433,0,0.32800204
0,0,0.12745215,0,0.46118486
0,0,0.27928323,0,0.3439588
0,1,0.8107492,1,0.9521933
0,0,0.0051836385,0,0.13270831
1,0,0.15138549,1,0.5155832
0,0,0.008295449,0,0.11361524
0,0,0.0051707895,0,0.1437512
1,0,0.48206732,1,0.70538485
0,0,0.01636342,0,0.12684457
1,0,0.18984364,0,0.3494948
0,0,0.27992758,1,0.53953254
0,0,0.05014184,0,0.18162368
0,0,0.00844129,0,0.09943847
0,0,0.06932467,0,0.22914656
0,0,0.051840834,0,0.2621549
0,0,0.47462946,1,0.66122615
0,0,0.20885181,0,0.2972097
0,0,0.020073513,0,0.2414717
1,0,0.23111823,0,0.33971182
0,0,0.16874428,0,0.26918703
0,0,0.102476,0,0.47669598
0,0,0.043963403,0,0.18313994
0,0,0.08529673,1,0.5845158
0,0,0.008906015,0,0.109625906
0,0,0.22641605,1,0.5440044
0,0,0.44286156,1,0.7692488
1,0,0.46820185,1,0.762549
1,1,0.5135836,1,0.7721816
0,1,0.671277,1,0.8392879
0,1,0.54642904,1,0.72130024
0,0,0.008979634,0,0.1091641
1,0,0.31436744,1,0.55112946
0,1,0.6739654,1,0.79275
0,0,0.01905984,0,0.22869097
0,0,0.0062612686,0,0.16742419
0,0,0.02611573,0,0.18848653
1,1,0.715539,1,0.85426265
0,0,0.2345836,0,0.44165525
0,1,0.5275222,1,0.65845346
0,1,0.71206033,1,0.7833507
0,0,0.18084605,0,0.3198084
0,1,0.5539669,1,0.69980067
0,0,0.009223678,0,0.14987169
0,1,0.69464725,1,0.7765199
0,0,0.18723133,1,0.64926344
1,0,0.35193282,1,0.5514827
0,0,0.014132979,0,0.19419938
0,1,0.5225365,1,0.77300286
0,0,0.016655477,0,0.17223917
0,0,0.16917582,1,0.5914968
0,1,0.62082434,1,0.76191646
0,0,0.0062379087,0,0.105258934
0,0,0.10405578,0,0.30234593
0,0,0.0059239273,0,0.22726473
0,0,0.18065956,1,0.5505787
0,0,0.008192915,0,0.08840226
1,0,0.28014547,1,0.5162223
0,0,0.0052994285,0,0.116506845
1,1,0.77360344,1,0.9040207
1,0,0.096100464,0,0.35523376
0,0,0.04363235,0,0.29524398
0,0,0.054627206,0,0.26183456
1,0,0.34737659,1,0.77772903
0,0,0.108603165,0,0.26847327
0,0,0.0648541,0,0.31031457
0,0,0.24464677,1,0.5052588
0,0,0.45401663,1,0.6711866
0,0,0.16719908,0,0.35718468
0,0,0.07735306,0,0.299967
0,0,0.29010785,1,0.6410289
0,0,0.17374632,0,0.28581786
1,0,0.49648347,1,0.7738725
1,0,0.08818487,0,0.24682687
1,0,0.39229602,1,0.6671667
0,0,0.1866182,0,0.2793874
0,0,0.23383318,0,0.261003
0,0,0.21612097,0,0.40156785
0,0,0.006651885,0,0.11213323
0,1,0.5047655,1,0.7544472
0,0,0.03188478,0,0.15870051
0,0,0.31263918,0,0.4054847
1,1,0.7324167,1,0.9133921
1,0,0.0819734,0,0.4297915
0,0,0.18122123,0,0.33629856
0,0,0.15130056,0,0.2361746
0,0,0.013603663,0,0.0920014
1,1,0.61279106,1,0.81420404
1,0,0.41355962,0,0.39435506
1,0,0.21119903,0,0.35167885
0,0,0.08299138,0,0.30262622
1,1,0.5800742,1,0.6331883
0,0,0.074536175,0,0.24067096
1,1,0.7597434,1,0.8026065
0,0,0.16302052,0,0.3221665
0,0,0.0660697,0,0.24042347
0,0,0.043739475,0,0.13272905
0,1,0.501621,1,0.7446679
0,0,0.008606401,0,0.1810241
1,0,0.19866005,0,0.26897418
0,0,0.012238836,0,0.17913173
0,0,0.35882798,1,0.73541546
0,0,0.06992478,0,0.41266936
0,0,0.0083090495,0,0.10501625
0,1,0.746564,1,0.79312277
1,1,0.5418489,1,0.7020421
1,1,0.5043168,1,0.82903886
0,0,0.10129766,0,0.42440242
0,0,0.4650606,1,0.5919335
0,0,0.16340853,0,0.4473429
1,0,0.23596662,0,0.32819343
1,0,0.2204455,1,0.6294658
0,0,0.104162075,0,0.21446353
0,0,0.066914305,0,0.14331952
0,1,0.55745363,1,0.70890605
1,1,0.7075341,1,0.74879897
1,1,0.75955814,1,0.8902775
1,1,0.77404255,1,0.8706305
1,0,0.49177122,1,0.8108853
0,0,0.01842593,0,0.13647917
0,0,0.30802432,0,0.4740749
1,1,0.5116149,1,0.8786792
1,1,0.54021406,1,0.6130743
0,0,0.010577938,0,0.121248946
1,0,0.26620105,0,0.28341538
0,0,0.2809627,1,0.7653488
0,0,0.15461485,0,0.4176411
0,0,0.011820638,0,0.11274557
0,0,0.040067803,0,0.21574871
0,0,0.0065534203,0,0.15236415
0,1,0.58303416,1,0.75036615
0,0,0.009101644,0,0.12135589
0,0,0.005996586,0,0.12788062
0,0,0.032845084,0,0.25201553
0,0,0.03620658,0,0.24229905
1,1,0.79143834,1,0.78000206
0,0,0.15169944,0,0.4426171
0,0,0.02571484,0,0.15758193
1,1,0.50577295,1,0.52172244
0,0,0.20084698,1,0.56826496
0,0,0.31813923,1,0.72741365
0,0,0.19976103,1,0.5634159
1,1,0.66861105,1,0.8103324
1,1,0.71348155,1,0.82387334
0,0,0.050339222,0,0.16787238
0,0,0.013926619,0,0.13800704
0,0,0.011031827,0,0.10450229
1,0,0.35035735,1,0.6794991
0,0,0.015964538,0,0.15453535
0,0,0.21691208,0,0.28741238
1,1,0.7138524,1,0.69528484
0,0,0.010432245,0,0.16050057
1,1,0.7188716,1,0.7521473
0,1,0.7372533,1,0.7376367
0,0,0.01847854,0,0.15601867
1,0,0.07551482,1,0.514779
1,0,0.25666413,0,0.3922315
0,0,0.1691699,0,0.24100065
0,0,0.010369074,0,0.1523769
0,0,0.007929463,0,0.09978174
0,0,0.2289632,0,0.2461021
0,0,0.07832023,0,0.19349425
1,0,0.1635673,1,0.54692906
0,0,0.107654616,0,0.29416287
0,0,0.2962209,1,0.68952966
0,0,0.011314892,0,0.12297041
0,0,0.018531596,0,0.13592006
1,1,0.84898955,1,0.86038697
1,0,0.23470174,0,0.24968596
0,0,0.07136552,0,0.20551375
1,1,0.77305245,1,0.8862964
1,1,0.53176695,1,0.7041529
0,0,0.007309436,0,0.19546215
0,0,0.0097555015,0,0.2085911
1,0,0.22170012,0,0.2424429
0,0,0.010959948,0,0.124279566
1,1,0.85751665,1,0.93889916
1,1,0.60380477,1,0.70577544
0,1,0.75459266,1,0.7969482
1,1,0.8296772,1,0.88825494
0,0,0.068763986,0,0.2756558
1,1,0.533363,1,0.6340645
0,0,0.024361081,0,0.2961409
0,1,0.67851555,1,0.8153224
0,0,0.13175064,0,0.43930337
0,0,0.041001044,0,0.24347654
0,0,0.02007136,0,0.12669465
1,0,0.10933312,0,0.18865708
0,0,0.2492707,0,0.2967964
0,0,0.004786857,0,0.18020135
0,1,0.72899544,1,0.52828515
0,0,0.06714628,0,0.28012756
0,0,0.086621925,0,0.25686902
0,0,0.011685898,0,0.10466295
0,0,0.22758386,1,0.64841425
0,0,0.13856429,1,0.5432985
1,1,0.8763096,1,0.9218869
1,1,0.5844856,1,0.8716179
1,0,0.18143374,0,0.36557403
1,0,0.4735301,1,0.597648
0,0,0.28116143,0,0.3596306
1,0,0.11066065,1,0.5144405
1,1,0.55943847,1,0.7717446
1,1,0.79991335,1,0.8640468
0,0,0.0055257916,0,0.12169341
0,0,0.1691373,0,0.24498129
0,0,0.21478227,0,0.18257482
0,1,0.58296335,1,0.62387043
0,0,0.010014399,0,0.107122004
0,0,0.13375787,0,0.4890591
0,0,0.092011124,0,0.21060319
0,0,0.015415567,0,0.1777742
0,1,0.75961626,1,0.7555384
0,0,0.0047160205,0,0.123028174
0,0,0.09687666,0,0.2108056
0,0,0.28652218,0,0.36392364
0,0,0.066308,0,0.14763425
0,0,0.2934051,1,0.50314605
0,0,0.08949376,0,0.23813148
0,0,0.45279944,1,0.6282009
0,0,0.123693965,0,0.24884929
0,0,0.16983359,0,0.25219122
0,0,0.10245409,0,0.42988086
1,1,0.6106632,1,0.7720957
0,0,0.041540764,0,0.2558123
0,0,0.019514512,0,0.17364411
1,0,0.11021432,0,0.29344454
1,1,0.5158564,1,0.58326465
1,0,0.1316347,0,0.3963634
0,0,0.010659825,0,0.11609239
0,0,0.07846332,0,0.33812627
0,0,0.07144845,0,0.11382365
0,0,0.16452476,0,0.31660113
0,0,0.4899615,1,0.77388316
1,1,0.58325285,1,0.5870297
0,0,0.29908416,0,0.43115747
1,0,0.015050644,0,0.0775593
0,0,0.49044666,1,0.8485004
0,0,0.28755423,1,0.53525376
0,0,0.036698766,0,0.20721385
0,0,0.06353398,0,0.3522589
0,0,0.10642951,0,0.21961297
1,1,0.7670654,1,0.7047779
0,0,0.014210397,0,0.16214505
1,0,0.15788502,0,0.44743142
0,0,0.043494213,0,0.11643762
0,0,0.2330816,0,0.29975352
0,0,0.037406113,0,0.37202224
0,0,0.21749698,1,0.74043834
0,1,0.5531113,1,0.51412356
0,0,0.042050123,0,0.15366578
0,0,0.033576675,0,0.30324116
0,0,0.01066801,0,0.20870149
0,0,0.1441135,0,0.29588562
0,0,0.0071384315,0,0.11505219
0,0,0.14487383,0,0.44913518
1,0,0.4682378,1,0.78878367
0,0,0.0084100105,0,0.14975755
0,0,0.013839339,0,0.10142942
1,1,0.7791331,1,0.8226213
0,1,0.60199654,1,0.8361054
0,0,0.4595441,1,0.5320914
1,1,0.6633329,1,0.6885629
1,0,0.3502572,1,0.62417114
0,0,0.07066519,0,0.35140526
0,0,0.20348188,0,0.4113329
1,0,0.13745752,0,0.3193144
0,1,0.61275005,1,0.69335556
0,0,0.10035927,0,0.19547331
0,0,0.015439229,0,0.097870864
0,0,0.0059196744,0,0.12068672
0,0,0.2151926,0,0.2722922
0,1,0.59072244,1,0.81489635
0,0,0.049724933,0,0.26375303
0,0,0.4996796,1,0.8127192
0,1,0.6728439,1,0.7447839
0,0,0.019827133,0,0.13717797
1,1,0.7549207,1,0.89075243
1,0,0.29159167,1,0.6220094
0,0,0.2215651,0,0.35007843
1,0,0.32725635,0,0.49455947
0,0,0.011241025,0,0.19548927
0,1,0.6892319,1,0.8202303
0,1,0.65792274,1,0.5293726
1,1,0.5463865,1,0.73062634
0,0,0.08389226,0,0.29348916
0,0,0.22489335,0,0.4891895
0,0,0.011654545,0,0.092074364
0,0,0.017203374,0,0.1883741
1,1,0.7549046,1,0.79729366
0,1,0.60389024,1,0.69379574
0,0,0.23520608,0,0.24972126
1,1,0.7228494,1,0.6456387
1,0,0.19391313,0,0.3351081
1,0,0.23090217,0,0.34180686
0,1,0.7363498,1,0.8883272
0,0,0.0130648,0,0.15403888
0,0,0.025469266,0,0.25613174
1,1,0.6877277,1,0.89140785
0,0,0.02528828,0,0.12687117
0,0,0.007365819,0,0.23219326
0,0,0.009232241,0,0.117528185
0,0,0.20904703,0,0.43528488
0,0,0.009304156,0,0.19956194
0,0,0.019346336,0,0.13978092
0,0,0.27716532,0,0.31875893
1,0,0.06687648,0,0.32502994
1,0,0.37008706,1,0.59261274
0,0,0.021677457,0,0.16628394
0,0,0.46991363,1,0.6441673
0,0,0.009188131,0,0.08899394
1,1,0.74157774,1,0.874261
0,0,0.39711723,1,0.6001239
0,1,0.6508043,1,0.75525665
0,0,0.48331043,1,0.6879817
0,0,0.3211084,1,0.5938463
0,0,0.10627573,0,0.32436645
0,0,0.050845925,0,0.41414228
0,0,0.049078032,0,0.3052416
0,1,0.63479936,1,0.77662694
1,1,0.65492386,1,0.69497025
0,0,0.09622959,0,0.35785362
0,0,0.43328097,1,0.68550646
1,1,0.74877656,1,0.6110176
0,1,0.5945275,1,0.6196526
1,0,0.32743874,1,0.581212
0,0,0.08341803,0,0.45367566
0,0,0.031210128,0,0.3763402
0,0,0.024552224,0,0.13930385
0,0,0.050386496,0,0.37341732
0,0,0.02132519,0,0.22034715
0,0,0.033227637,0,0.2977239
1,0,0.27749065,1,0.55022025
0,0,0.027753439,0,0.2650798
0,0,0.014175737,0,0.114876516
0,0,0.2557265,1,0.5789794
0,0,0.11498628,0,0.37365657
1,1,0.8001197,1,0.9330354
0,0,0.1393211,0,0.39491984
0,0,0.04822393,0,0.22727083
0,0,0.061700307,0,0.20147754
0,0,0.03918092,0,0.17519173
0,0,0.0058922335,0,0.13291135
1,1,0.64751863,1,0.76425755
0,0,0.028360033,0,0.17052343
1,0,0.060846195,0,0.23429562
1,0,0.26692066,0,0.2835837
0,1,0.5662918,1,0.64596987
1,0,0.24862285,0,0.3597179
0,0,0.009856142,0,0.23873389
0,1,0.55691814,1,0.78226644
0,0,0.008961274,0,0.11289745
0,0,0.069264844,0,0.3569506
0,0,0.037128925,0,0.3307553
0,0,0.018734464,0,0.17416668
0,0,0.456287,1,0.77279556
0,0,0.10934327,0,0.23259532
0,0,0.09159527,0,0.15151075
0,0,0.37462118,1,0.52432114
0,0,0.17290834,0,0.44472256
0,0,0.1452738,0,0.38109314
0,0,0.01437872,0,0.18383186
1,1,0.72837055,1,0.9022283
0,1,0.7944606,1,0.8893208
0,0,0.023591802,0,0.1223688
1,1,0.6804761,1,0.74087244
0,1,0.5840607,1,0.71562827
1,1,0.60865706,1,0.7606268
0,0,0.01875347,0,0.13409209
0,0,0.11245096,0,0.296274
0,1,0.540009,1,0.5952596
0,0,0.120976724,0,0.44856155
0,0,0.07859672,0,0.46160716
0,0,0.013270927,0,0.09225334
0,0,0.07830377,0,0.26149607
1,1,0.54689866,1,0.9231996
0,0,0.017385509,0,0.19037563
1,1,0.7622672,1,0.8931446
1,0,0.37981734,1,0.77030694
1,1,0.75888944,1,0.8286096
0,0,0.39637995,1,0.68021584
0,0,0.040280305,0,0.25129604
1,1,0.7108635,1,0.87935495
0,0,0.3295878,0,0.48177573
0,0,0.06007828,0,0.27670345
0,0,0.041247223,0,0.2081318
0,0,0.004855346,0,0.12653111
0,0,0.020854501,0,0.18484645
0,1,0.61446106,1,0.7482333
0,0,0.02559762,0,0.20630765
1,0,0.1480612,0,0.23470269
0,0,0.19355269,1,0.5504532
0,0,0.010373242,0,0.09668287
1,1,0.50857604,1,0.6316277
0,0,0.0203956,0,0.11930891
0,0,0.031534515,0,0.1577407
1,1,0.77440804,1,0.6571351
0,0,0.05660259,0,0.3376712
1,0,0.049385462,0,0.20315589
0,0,0.010873348,0,0.07814807
0,0,0.055545453,0,0.12941691
0,0,0.24387568,1,0.55457336
0,0,0.013762252,0,0.15474766
1,0,0.42061794,1,0.76757634
0,0,0.23470174,0,0.24968596
1,0,0.40487728,1,0.6816428
0,0,0.16222179,0,0.3327163
0,0,0.34744653,1,0.6347289
0,0,0.029562756,0,0.1962617
1,0,0.21614382,0,0.30260348
0,0,0.019451087,0,0.20378555
0,0,0.020446528,0,0.17852058
0,1,0.55939806,1,0.60733557
0,0,0.4001654,1,0.67197394
1,0,0.2982778,1,0.50970054
0,0,0.4417863,0,0.4348122
0,0,0.013070612,0,0.19132596
0,0,0.03293046,0,0.19918501
0,0,0.010825866,0,0.08380815
0,0,0.29713562,1,0.5705124
0,0,0.30770415,1,0.60706615
1,1,0.68873334,1,0.71119153
0,0,0.33723447,1,0.53862655
1,0,0.19781579,0,0.3705547
1,0,0.23064308,0,0.35477105
0,0,0.23990695,0,0.44395843
0,0,0.11176619,0,0.46249646
0,0,0.2176409,0,0.2906821
0,0,0.016241636,0,0.09626978
1,1,0.5859108,1,0.7324915
0,1,0.6835217,1,0.8706629
1,1,0.7282398,1,0.8707023
0,0,0.010173932,0,0.14255585
0,0,0.35921472,0,0.48719713
0,0,0.03948488,0,0.13105866
0,0,0.07225508,0,0.16222005
0,1,0.62908024,1,0.7354622
0,0,0.45063236,1,0.65744084
0,1,0.7873617,1,0.9091425
1,0,0.20180546,1,0.5390084
0,0,0.14772506,1,0.6331327
0,0,0.46112198,1,0.74820834
0,0,0.17882997,1,0.68051195
1,1,0.50240123,1,0.65863174
0,0,0.008653335,0,0.11394682
1,0,0.37317845,1,0.54763925
0,0,0.008682126,0,0.114650816
0,1,0.7202995,1,0.8692943
0,0,0.0771552,0,0.34617206
0,1,0.7536656,1,0.7107103
0,0,0.0060853534,0,0.10950025
0,0,0.13569993,0,0.49446407
0,0,0.13285393,1,0.6339817
1,0,0.4947417,1,0.69751775
0,0,0.026765691,0,0.14137603
0,1,0.55091834,1,0.6546839
1,1,0.6266175,1,0.61821043
1,0,0.15655334,0,0.42844334
0,0,0.21571139,0,0.48236868
1,0,0.14889705,0,0.36680925
1,1,0.7030073,1,0.6931077
0,0,0.07041597,0,0.25442943
0,0,0.41903952,1,0.6669314
1,1,0.59193605,1,0.8215689
0,0,0.057897694,0,0.34454626
0,0,0.08660589,0,0.43374765
0,0,0.1657262,0,0.38302878
0,0,0.101211004,0,0.32919893
0,0,0.0668191,0,0.16726893
0,1,0.66542715,1,0.73304844
1,1,0.65308285,1,0.77036023
0,0,0.11846186,0,0.273517
1,0,0.18669161,0,0.40996477
0,0,0.021678679,0,0.08894152
1,0,0.3311792,1,0.66998565
0,0,0.014245601,0,0.16629893
0,0,0.15411398,1,0.5387379
0,0,0.23488504,0,0.24969885
0,0,0.22742891,0,0.22315636
0,0,0.07941716,0,0.20927645
1,0,0.02925998,0,0.13466722
0,0,0.11316236,0,0.3455086
0,0,0.47039607,1,0.56033206
0,0,0.013264421,0,0.2656857
0,0,0.2290864,0,0.4201355
0,0,0.43273604,0,0.48751494
0,0,0.017469972,0,0.1240209
0,1,0.54165804,1,0.8224958
0,0,0.010144882,0,0.10742006
1,1,0.7120383,1,0.6501695
0,0,0.01412076,0,0.06720013
0,0,0.077378556,0,0.26987985
0,1,0.7237375,1,0.74578524
0,0,0.026605934,0,0.17951292
0,0,0.48453856,1,0.6043767
0,0,0.20649032,1,0.55528843
1,1,0.83884674,1,0.72864985
1,1,0.74821186,1,0.7951172
1,1,0.60124695,1,0.78315735
1,0,0.48602453,1,0.6250805
1,0,0.030016618,0,0.29412073
0,1,0.7105752,1,0.7890091
0,0,0.0070237475,0,0.11395655
1,1,0.6823975,1,0.8173906
0,0,0.004160106,0,0.11049643
0,0,0.32583207,1,0.68925494
0,1,0.55772734,1,0.7454988
1,1,0.75734156,1,0.9243476
0,0,0.15849997,0,0.25760493
1,1,0.78685135,1,0.77779347
0,0,0.026642414,0,0.20561917
1,0,0.4536523,1,0.79565734
0,0,0.11252836,0,0.31222576
0,0,0.006662616,0,0.12480587
0,0,0.03271391,0,0.26533532
1,1,0.5621926,1,0.87526095
0,0,0.41827554,1,0.57169235
0,0,0.010795653,0,0.09262742
0,0,0.0055565294,0,0.19201057
0,0,0.0138652325,0,0.104625195
0,0,0.2402804,0,0.38371402
0,0,0.24500339,1,0.50947726
0,1,0.7903564,1,0.7779548
0,0,0.011763439,0,0.13310456
0,0,0.08517292,1,0.61596066
0,1,0.59644437,1,0.82855195
0,0,0.15555032,0,0.39958104
0,0,0.47994038,1,0.70733094
1,0,0.47959447,1,0.8069586
1,0,0.43779147,1,0.69295216
0,0,0.23374778,0,0.26108494
0,0,0.26330012,0,0.4665808
0,0,0.025660975,0,0.18092346
0,0,0.00850159,0,0.15983324
0,0,0.06580554,0,0.3115983
0,0,0.009192326,0,0.10524508
1,1,0.7563059,1,0.88562346
0,0,0.448653,1,0.6136951
0,0,0.30473933,1,0.5024406
0,0,0.039425112,0,0.15135719
0,0,0.007328306,0,0.18570244
1,0,0.145031,0,0.456144
0,1,0.513839,1,0.72958803
0,0,0.32143247,1,0.5591072
0,1,0.85223746,1,0.8978818
1,0,0.24549451,0,0.32397836
1,1,0.52776796,1,0.7950629
0,0,0.010244139,0,0.109520294
0,0,0.41696176,0,0.36872032
0,0,0.34624746,1,0.71742946
0,1,0.5352505,1,0.7189002
0,0,0.18141593,0,0.24528743
0,0,0.0665987,0,0.15723862
0,0,0.034056433,0,0.30620718
1,0,0.2024634,1,0.69076127
0,0,0.03581873,0,0.20409141
1,1,0.6523331,1,0.8260013
0,0,0.0129501335,0,0.22365807
0,0,0.035794307,0,0.19500443
0,0,0.3773172,1,0.6040747
0,0,0.04031062,0,0.26285237
0,0,0.28727302,0,0.40493137
0,0,0.012519964,0,0.1416871
0,0,0.1786599,0,0.21626495
0,0,0.054193795,0,0.3880713
0,0,0.055376403,0,0.19227715
0,0,0.11093387,0,0.23784779
0,0,0.3504989,1,0.6512456
1,0,0.23474756,0,0.24968918
0,0,0.007646981,0,0.20817423
0,0,0.007143455,0,0.09990929
0,0,0.47789705,1,0.7175225
0,0,0.17349131,1,0.7831341
1,0,0.23516019,0,0.24971806
0,0,0.019310126,0,0.22832702
0,0,0.01478716,0,0.14236028
0,1,0.5196981,1,0.5486717
0,0,0.13152663,0,0.4366232
0,0,0.21893911,0,0.44494775
0,0,0.016971508,0,0.18146342
0,0,0.025979728,0,0.12870921
0,0,0.19263627,0,0.41394055
0,0,0.19860242,0,0.29547557
1,1,0.79876876,1,0.52569526
0,0,0.2400595,1,0.5803313
0,0,0.1362732,1,0.57286984
0,0,0.02706505,0,0.19856718
0,0,0.2095051,1,0.62168556
0,0,0.10300352,1,0.5131211
1,1,0.66338706,1,0.8232677
0,0,0.034483347,0,0.17597052
0,0,0.12122784,0,0.17354323
0,0,0.024344444,0,0.25674555
0,0,0.030138448,0,0.1747136
1,0,0.20437017,0,0.34038895
0,0,0.030307297,0,0.13782218
0,0,0.08654351,0,0.47228417
0,1,0.78905463,1,0.7766173
1,0,0.3091665,0,0.3711696
0,0,0.03600382,0,0.21301487
0,0,0.04091184,0,0.17409034
0,0,0.052891262,0,0.17823902
0,1,0.62512225,1,0.6508479
0,0,0.026963161,0,0.12930673
0,0,0.00414506,0,0.2058767
1,1,0.6852703,1,0.8001247
0,0,0.012101999,0,0.16612674
1,1,0.5337313,1,0.6771331
0,0,0.0061611617,0,0.12250052
0,0,0.007810969,0,0.0936533
1,0,0.45301878,1,0.78162956
0,0,0.010657694,0,0.36573723
0,0,0.32504523,1,0.61842465
1,0,0.4999482,1,0.7466122
0,0,0.17646077,0,0.21358432
1,1,0.6962972,1,0.847173
0,0,0.26674065,0,0.28354162
0,0,0.049615555,0,0.22968732
0,0,0.0056286477,0,0.121500246
0,0,0.21293272,0,0.36245534
0,0,0.21824345,1,0.6180881
0,0,0.3094483,1,0.53476745
0,1,0.57814324,1,0.7683137
0,1,0.55953693,1,0.7815593
0,0,0.1884994,0,0.4355958
0,0,0.064875044,0,0.17310421
0,0,0.11535954,0,0.237567
1,0,0.37067476,0,0.46957776
0,0,0.106202796,1,0.5124077
0,0,0.104099005,0,0.3827394
0,0,0.015599926,0,0.16911234
0,1,0.5693321,1,0.7861759
1,1,0.7026899,1,0.69151604
0,0,0.40026698,1,0.773834
0,0,0.2898852,0,0.42226958
0,0,0.018799359,0,0.17092581
0,0,0.053948328,0,0.1926334
1,1,0.79776144,1,0.6679436
0,0,0.027201109,0,0.18197818
1,1,0.8824859,1,0.81080055
0,0,0.29516077,0,0.35115305
0,1,0.8410394,1,0.8476185
1,1,0.5246631,1,0.6448625
0,0,0.4322315,1,0.6361885
0,0,0.059649996,0,0.20212081
0,0,0.02184874,0,0.23898578
0,0,0.23548149,0,0.24974054
0,0,0.061766632,0,0.258446
1,0,0.0076539065,0,0.19773595
1,0,0.05386183,0,0.40440655
1,0,0.4479194,0,0.46457982
0,1,0.65407884,1,0.77853
0,0,0.018071277,0,0.13686742
0,0,0.30026707,0,0.40860754
0,0,0.0071136,0,0.12658879
0,1,0.5357807,1,0.6405946
0,0,0.28568116,1,0.64133096
0,0,0.07651184,0,0.19941378
1,1,0.7941759,1,0.91155
0,0,0.02599215,0,0.10071803
0,0,0.012429274,0,0.16099936
0,0,0.32999966,1,0.6678934
0,0,0.16056524,1,0.51578355
0,0,0.0092505375,0,0.14634508
0,0,0.09011409,0,0.4170313
1,1,0.77318597,1,0.73820794
1,1,0.7034413,1,0.9206479
1,1,0.83271724,1,0.87071764
0,0,0.3884019,1,0.5688354
1,0,0.4992299,1,0.692341
0,0,0.008920982,0,0.18443923
0,0,0.016669134,0,0.15930796
0,1,0.74870145,1,0.74720216
0,0,0.0047793775,0,0.14896451
0,0,0.29370078,1,0.5211918
0,0,0.4933359,1,0.6011503
1,1,0.71627057,1,0.8654627
0,0,0.033791266,0,0.23935282
0,0,0.008313942,0,0.21783224
0,0,0.01154609,0,0.13881725
0,0,0.015829723,0,0.15889026
0,0,0.11920099,0,0.37070894
1,1,0.70356923,1,0.7938527
0,0,0.018652348,0,0.1379064
1,1,0.61071956,1,0.630206
0,0,0.0077250153,0,0.114265814
1,0,0.25485727,1,0.70582247
1,1,0.8631234,1,0.86397415
1,0,0.3457281,1,0.54279697
0,0,0.4055672,1,0.6001822
1,0,0.10325153,1,0.5897212
0,0,0.012375674,0,0.10968433
0,0,0.008274763,0,0.11351476
0,0,0.015854957,0,0.15081494
1,0,0.022042794,0,0.42771548
1,1,0.64799714,1,0.7552756
0,0,0.21787818,0,0.23424011
1,1,0.52822256,1,0.88026124
0,0,0.27264026,1,0.50480586
1,0,0.46515426,0,0.44912153
1,0,0.3627527,1,0.725933
0,1,0.5044839,1,0.67758536
0,0,0.011169454,0,0.10713694
0,0,0.01756181,0,0.20332682
1,0,0.4855122,1,0.79270494
0,0,0.015222124,0,0.17598994
1,1,0.6120064,1,0.7259071
1,1,0.6608066,1,0.7015753
1,0,0.44393253,1,0.6695869
1,1,0.55731535,1,0.7404796
0,0,0.23170392,0,0.3008259
0,0,0.0274383,0,0.21431094
1,1,0.50182116,1,0.80711865
1,1,0.8558359,1,0.8613434
0,0,0.014951889,0,0.20858629
0,0,0.018204175,0,0.18931152
0,0,0.016830634,0,0.1723744
0,0,0.016137503,0,0.116776116
0,0,0.105089284,1,0.51011604
0,0,0.02005725,0,0.26894748
0,1,0.68165237,1,0.78908217
0,1,0.7410583,1,0.89727443
1,0,0.47188666,1,0.67202973
0,0,0.03160355,0,0.20988809
1,1,0.85569644,1,0.8641447
0,0,0.13996786,0,0.21229465
0,0,0.12235536,0,0.2820947
1,1,0.74897087,1,0.8051819
0,0,0.122675754,0,0.37571082
0,0,0.04938131,0,0.13376267
1,0,0.2277107,0,0.37719935
0,0,0.36988842,1,0.65616584
0,0,0.044160455,0,0.31031367
0,0,0.050910197,0,0.20041858
0,0,0.03188367,0,0.15506224
1,1,0.5129529,1,0.5432379
0,0,0.37002242,1,0.77704734
1,1,0.82899386,1,0.8786314
0,0,0.04835612,0,0.21974494
0,1,0.51268184,1,0.6592516
0,1,0.5660747,1,0.74225533
0,0,0.36491054,1,0.6151389
0,0,0.18550526,1,0.6146554
0,0,0.007920976,0,0.18467559
0,0,0.14461927,0,0.30103534
0,0,0.06341291,0,0.24404456
1,1,0.84233034,1,0.95670956
0,0,0.04871423,0,0.20727505
0,0,0.008016229,0,0.22665797
1,0,0.41520485,1,0.6826077
0,0,0.17545033,1,0.530378
0,0,0.14549668,0,0.4925264
0,0,0.04877779,0,0.13193844
0,0,0.0063355877,0,0.120375335
1,0,0.19981341,0,0.36162046
0,0,0.15819074,0,0.37010622
0,0,0.20051171,0,0.33297253
0,0,0.49488312,1,0.6974124
0,0,0.1744947,0,0.26210728
0,0,0.00956158,0,0.11284237
1,1,0.647895,1,0.62381536
0,0,0.31455404,1,0.55156505
0,1,0.5037774,1,0.66141087
0,0,0.07020636,0,0.22713213
0,1,0.7719374,1,0.870162
1,1,0.62123245,1,0.6938988
1,0,0.40508813,0,0.33184135
0,0,0.06755796,0,0.2845398
0,0,0.00918853,0,0.10577136
0,0,0.29701325,1,0.63892305
1,1,0.8782835,1,0.9083273
0,1,0.70796895,1,0.7339282
1,1,0.5153102,1,0.6035296
1,1,0.54782414,1,0.6619475
0,0,0.30692104,1,0.58996546
0,0,0.025104173,0,0.3367358
0,0,0.016527625,0,0.3175225
0,0,0.006249365,0,0.09531198
1,1,0.57385343,1,0.8609683
0,0,0.007889268,0,0.21516833
0,0,0.26057744,1,0.6619539
0,0,0.118494086,0,0.23465395
1,1,0.6822989,1,0.5906654
0,0,0.081043124,0,0.39253208
0,0,0.45749164,1,0.6755848
1,1,0.6426275,1,0.8418101
0,0,0.009520556,0,0.10516664
0,0,0.10361208,0,0.43428025
0,0,0.0066131675,0,0.16237898
0,0,0.083258666,0,0.21299988
0,0,0.071327314,0,0.16623956
0,0,0.08334233,0,0.2803217
0,0,0.39075756,1,0.6164826
0,0,0.012461624,0,0.13176818
0,0,0.04994224,0,0.30388573
0,0,0.3978092,0,0.41076204
1,0,0.28490525,0,0.44959703
0,0,0.024646891,0,0.12526669
0,1,0.52123654,1,0.79313505
1,1,0.71525204,1,0.74327135
0,0,0.30381146,1,0.5424197
1,1,0.75459266,1,0.7969482
0,0,0.05318284,0,0.12749122
1,0,0.33914423,1,0.6668438
0,0,0.28952637,1,0.5906817
0,0,0.0106095,0,0.09795976
1,1,0.5222575,1,0.7681303
0,0,0.09498803,0,0.17126988
1,1,0.77033556,1,0.8964851
0,0,0.023576463,0,0.20741081
0,0,0.06377134,0,0.1257059
0,0,0.015874097,0,0.19051778
0,0,0.05871984,0,0.32298237
0,0,0.071631834,0,0.29776695
0,0,0.009955699,0,0.17957081
0,0,0.20153458,0,0.43950406
1,1,0.5486025,1,0.76388234
0,0,0.01183978,0,0.24058391
0,1,0.67141855,1,0.8075009
1,0,0.4461681,1,0.79079974
0,0,0.279948,1,0.6221795
0,0,0.09657944,0,0.21236676
0,0,0.0055597103,0,0.11910818
1,1,0.7359365,1,0.88394916
0,0,0.26669785,0,0.48962197
1,0,0.22574571,0,0.3022485
1,0,0.38304934,1,0.57882607
0,0,0.09495579,0,0.21477851
0,0,0.28979266,1,0.5268228
0,0,0.2042753,0,0.46385595
0,0,0.020010011,0,0.28190672
0,0,0.006416768,0,0.1499448
0,0,0.23433314,1,0.6146836
1,0,0.3986621,1,0.7986148
0,1,0.755478,1,0.8904988
1,1,0.61676323,1,0.84734374
0,0,0.048605572,0,0.20082471
1,1,0.72220516,1,0.78393376
1,1,0.7455933,1,0.88596946
0,0,0.0045013377,0,0.09743533
0,0,0.28591785,1,0.5550935
1,0,0.43335822,1,0.77111554
0,0,0.09029431,1,0.53214633
0,0,0.31140333,0,0.3318715
0,0,0.18472031,0,0.27248073
0,0,0.039673347,0,0.17275009
0,0,0.010883083,0,0.09063347
0,1,0.71236247,1,0.8741222
0,0,0.38582987,1,0.53940547
1,1,0.7923552,1,0.86002576
0,0,0.01391574,0,0.20396212
0,0,0.030734876,0,0.24413015
0,0,0.013608668,0,0.07931518
0,0,0.21775703,0,0.4823427
0,0,0.097922675,0,0.19385229
0,0,0.02590587,0,0.17957878
0,0,0.48717308,0,0.48278558
0,0,0.024727672,0,0.20437397
1,0,0.3442184,0,0.47400862
0,0,0.0071491664,0,0.115067
0,0,0.09839613,0,0.3939139
0,0,0.16711567,0,0.30596653
0,0,0.31184813,1,0.5821307
1,0,0.4135738,1,0.591064
0,0,0.16988139,0,0.2520594
0,0,0.13021922,1,0.516153
0,0,0.09495392,0,0.391009
1,0,0.20214443,0,0.42563608
0,0,0.01651584,0,0.27351826
1,1,0.6084194,1,0.68352497
0,0,0.015956854,0,0.10529788
1,0,0.3514811,1,0.61948705
0,0,0.08120538,0,0.15663783
0,0,0.062351532,0,0.16349989
0,0,0.19476807,0,0.28575847
0,0,0.19567999,0,0.24949753
1,1,0.6034595,1,0.82842344
0,0,0.0137438895,0,0.16889472
0,0,0.06338658,0,0.16392986
0,0,0.06790804,0,0.28793076
1,0,0.3284622,1,0.7998289
0,0,0.14976993,0,0.44994608
1,0,0.37986177,1,0.60734093
1,1,0.63664854,1,0.69130003
0,0,0.015779747,0,0.13153061
0,0,0.040816776,0,0.33031195
0,0,0.2016053,0,0.48229113
1,1,0.67711663,1,0.77877516
1,1,0.617471,1,0.8144028
0,0,0.008513958,0,0.12293199
0,0,0.042948104,0,0.18188438
0,0,0.011392328,0,0.13052659
0,0,0.0973584,0,0.20022516
0,0,0.006479404,0,0.11153021
0,0,0.0075273197,0,0.23704231
1,1,0.6599282,1,0.7740928
1,0,0.3778946,1,0.6693163
0,0,0.0068986053,0,0.21445939
0,0,0.35953584,1,0.7141702
0,0,0.029580947,0,0.37381986
0,0,0.088446364,0,0.4372215
1,0,0.40694845,1,0.7736892
0,0,0.014498659,0,0.27610034
0,0,0.1869749,0,0.45125887
0,1,0.8062902,1,0.8767335
0,0,0.09946686,0,0.25193948
0,0,0.11434062,0,0.2065278
0,0,0.019819638,0,0.13528407
0,0,0.16598748,0,0.48695818
0,0,0.10094148,0,0.20919628
1,0,0.17202356,0,0.4837618
1,0,0.17644066,0,0.35842276
0,0,0.24372435,1,0.56302345
0,0,0.3668032,1,0.52862227
0,0,0.45623237,1,0.60203844
1,1,0.737082,1,0.87287134
0,0,0.007329998,0,0.11015374
0,0,0.43793488,1,0.55191433
0,0,0.3097838,0,0.30837414
0,0,0.010344207,0,0.2878561
0,0,0.2747096,1,0.67081094
0,0,0.050792463,0,0.2349695
1,1,0.55487025,1,0.7600654
1,1,0.61107427,1,0.89468896
0,0,0.012379766,0,0.26391742
0,0,0.043884747,0,0.36144054
1,0,0.45009282,1,0.82385457
1,0,0.47186384,1,0.57440555
1,1,0.6402886,1,0.7169173
0,0,0.026291067,0,0.23893206
0,0,0.19188043,0,0.37055948
0,0,0.3205405,1,0.5442949
0,0,0.011544751,0,0.16002692
0,0,0.17177092,0,0.31156415
1,0,0.14215848,0,0.41881263
0,1,0.5730332,1,0.62694085
0,0,0.098052494,0,0.3863181
1,0,0.40657985,1,0.63822705
0,0,0.06417697,0,0.26680768
0,1,0.5014499,1,0.63480574
0,0,0.27350283,1,0.54346514
0,0,0.016678713,0,0.12012861
1,1,0.6395037,1,0.79780984
0,0,0.026663799,0,0.28213385
0,0,0.2751556,1,0.6516317
0,1,0.702985,1,0.7684554
0,0,0.23406096,0,0.24964106
0,0,0.019824367,0,0.13987808
1,1,0.6298628,1,0.7480961
0,0,0.056558557,0,0.44529516
0,0,0.009356075,0,0.26570928
0,0,0.00718146,0,0.16722135
0,0,0.023168009,0,0.16966456
0,0,0.046010844,0,0.28553626
0,0,0.006647199,0,0.11458583
0,0,0.17920452,0,0.28894988
0,0,0.009872279,0,0.09329607
0,0,0.0044232095,0,0.09383336
